최자마 95 71 72 89
적다섭 74 76 65 92
곽석석 68 65 80 74
최마준 72 76 74 88
류섭나 74 91 100 85
김사나 84 78 69 91
유아파 75 66 67 78
유아카 83 70 92 94
곽가나 83 74 73 70
곽나하 86 92 79 76
정윤차 87 100 72 67
최준라 82 66 88 66
곽파재 80 79 71 69
김카아 74 86 96 92
정카재 82 68 100 79
류진준 81 65 74 68
유마마 97 85 70 78
구진아 92 70 86 79
정윤바 69 80 76 76
정타길 67 71 95 91
최타섭 94 100 82 72
손형차 87 90 70 70
오가길 74 89 80 96
정재라 80 84 95 100
정사파 98 68 82 70
고사자 83 93 66 71
김섭라 93 90 79 77
구길윤 95 65 65 82
적나하 91 86 85 91
박파진 66 79 82 81
곽라라 78 67 71 94
적섭준 89 88 78 65
송하형 81 83 95 82
김사사 77 80 68 69
김차재 85 75 69 68
이자준 100 71 90 95
구다자 99 94 92 95
유화화 90 91 74 69
박준마 93 87 91 99
송카가 79 82 100 69
김진윤 92 67 67 91
손라석 65 86 88 98
강바길 98 98 86 95
손섭자 66 71 92 71
송자하 81 73 71 71
구사사 90 66 65 68
유화하 78 69 73 72
곽타길 87 93 84 92
유하차 76 71 80 71
고바윤 77 72 76 71
송하카 90 89 86 74
송차석 70 93 98 79
오섭바 90 77 87 91
손사진 100 77 96 74
김바파 68 100 85 80
김하라 98 92 86 66
구윤사 80 99 97 75
구재차 92 75 67 100
김윤바 99 80 96 78
적진다 73 94 98 73
고바사 88 100 76 67
김화윤 93 100 90 68
박타섭 90 84 87 81
박사사 94 65 99 85
박다자 98 76 71 68
고형아 94 89 97 87
박가진 78 86 98 96
적차화 68 82 77 84
곽석나 93 86 87 98
강재하 93 74 90 100
적진나 97 79 81 87
정하가 67 66 100 72
유라마 80 70 66 69
오형사 92 95 99 71
곽파라 73 87 96 67
박길차 78 78 84 91
이다섭 85 65 75 95
최가카 92 65 76 69
손차길 92 77 99 80
적화진 92 76 77 100
손진윤 71 93 89 89
정타섭 75 94 70 75
유가라 73 68 86 94
구화길 80 69 97 92
고진준 85 73 94 73
곽형라 88 85 69 96
최진윤 72 75 95 72
최진석 74 93 82 74
구차가 70 95 94 95
박진석 99 91 79 80
오섭카 65 68 85 81
구재차 98 94 76 99
적하화 77 87 95 82
유재준 72 67 91 87
강석윤 79 85 66 96
구가아 71 79 96 66
오진섭 74 85 91 78
고진윤 82 85 94 75
박바아 75 86 66 75
송카카 98 98 74 75
